34 3
1 0.148683 -0.055013 -1.185796
34 -11.519215 -0.079043 0.353214
33 0.114782 -0.085560 1.067080
3 0.132200 11.812780 -0.056736
2 0.176696 -0.072783 -0.649040
4 0.190825 -0.067353 -0.573772
32 0.075735 -0.141593 0.343877
24 0.112879 -0.145163 0.711740
14 0.143063 -0.053567 -0.325685
9 0.107045 -0.066333 0.164570
7 0.252584 -0.193947 -0.670925
30 0.041328 -0.185011 0.709647
6 0.245095 -0.212878 -0.655865
8 0.214651 -0.061435 -0.432853
28 0.087113 -0.041018 0.445694
31 0.075944 -0.114124 0.203818
5 0.252859 -0.216035 -0.583521
20 0.079886 -0.148749 -0.251984
11 0.226082 -0.198882 -0.604000
29 0.067052 -0.044793 0.244747
26 0.167947 -0.160048 0.582548
25 0.139038 -0.130516 0.514861
18 0.203695 -0.113744 -0.467070
22 0.230568 -0.188518 -0.414381
15 0.043619 -0.141316 0.514771
27 0.042744 -0.176635 0.548338
23 0.072330 -0.148714 0.526140
13 0.219521 -0.109513 -0.436302
17 0.270779 -0.234179 -0.525405
16 0.076533 -0.174346 0.573799
10 0.098289 -0.063190 0.160949
19 0.082526 -0.155577 0.534548
21 0.054301 -0.146179 0.543826
12 0.210250 -0.153381 -0.422903
